1569408393 2
1569409074 25
1572458498 69
1572462522 539
1572698578 459
1572698804 459
1572868891 1107
1573402781 1314
1573402825 1314
1573403880 1348
1573566755 1352
1573737946 1422
1573806486 1475
1573840772 1559
1573937448 1605
1573940815 1708
1574003149 1827
1574090683 1826
1574090724 1825
1574090826 1824
1574090850 1823
1574091221 1824
1574091262 1824
1574096721 1806
1574096751 1924
1574103644 2094
1574109174 2102
1574109196 2117
1574110796 2123
1574116205 2357
1574150279 2377
1574152037 2480
1574189432 2549
1574189453 2691
1574191050 2775
1574191470 2777
1574195763 2774
1574199941 2894
1574201428 2951
1574251019 3005
1574251472 3063
1574251888 3115
1574279899 3308
1574282363 3358
1574283362 3390
1574283685 3400
1574365304 3427
1574371808 3433
1574373720 3448
1574374238 3448
1574425580 4068
